Reliance:1000:2000:0.00045:0.03
Microsoft:2000:2000:0.00045:0.3
Maruti:650:2000:0.00045:0.3
Hero:1200:2000:0.00045:0.3
N.I.C.:500:3000:0.00045:0.3
Honda:890:2000:0.00045:0.3
BUDCo.:770:2000:0.00045:0.3
Bank of Baroda:300:3000:0.00045:0.3
Tata Docomo:560:3000:0.00045:0.3
Air India:896:2000:0.00045:0.3
Pepsi:234:3000:0.00045:0.3
Tata Tea:465:3000:0.00045:0.3
Samsung:723:2000:0.00045:0.3
Yamaha:452:3000:0.00045:0.3
Punjab National Bank:489:3000:0.00045:0.3
BSNL:654:2000:0.00045:0.3
Asian Paints:720:2000:0.00045:0.3
Dell:213:3500:0.00045:0.3
Sony:754:2000:0.00045:0.3
LG:328:3500:0.00045:0.3
Whirlpool:578:2500:0.00045:0.3